canvas 0 0 500 500
shape 0 rectangle
shape 1 rectangle
shape 2 rectangle
shape 3 rectangle
shape 4 rectangle
shape 5 rectangle
shape 6 rectangle
shape 7 rectangle
shape 8 rectangle
shape 9 rectangle
motion 0 0 0 124 50 376 0 0 0    0 0 124 50 376 0 0 0
motion 1 0 50 338 50 162 0 0 0    0 50 338 50 162 0 0 0
motion 2 0 100 127 50 373 0 0 0    0 100 127 50 373 0 0 0
motion 3 0 150 253 50 247 0 0 0    0 150 253 50 247 0 0 0
motion 4 0 200 427 50 73 0 0 0    0 200 427 50 73 0 0 0
motion 5 0 250 290 50 210 0 0 0    0 250 290 50 210 0 0 0
motion 6 0 300 187 50 313 0 0 0    0 300 187 50 313 0 0 0
motion 7 0 350 422 50 78 0 0 0    0 350 422 50 78 0 0 0
motion 8 0 400 359 50 141 0 0 0    0 400 359 50 141 0 0 0
motion 9 0 450 254 50 246 0 0 0    0 450 254 50 246 0 0 0
motion 0 0 0 124 50 376 0 0 0    1 0 124 50 376 255 0 0
motion 0 1 0 124 50 376 255 0 0    2 0 124 50 376 0 0 0
motion 1 2 50 338 50 162 0 0 0    3 50 338 50 162 255 0 0
motion 1 3 50 338 50 162 255 0 0    4 50 338 50 162 0 0 0
motion 1 4 50 338 50 162 0 0 0    5 100 338 50 162 0 0 0
motion 2 4 100 127 50 373 0 0 0    5 50 127 50 373 0 0 0
motion 1 6 100 338 50 162 0 0 0    7 100 338 50 162 255 0 0
motion 1 7 100 338 50 162 255 0 0    8 100 338 50 162 0 0 0
motion 1 8 100 338 50 162 0 0 0    9 150 338 50 162 0 0 0
motion 3 8 150 253 50 247 0 0 0    9 100 253 50 247 0 0 0
motion 1 10 150 338 50 162 0 0 0    11 150 338 50 162 255 0 0
motion 1 11 150 338 50 162 255 0 0    12 150 338 50 162 0 0 0
motion 4 12 200 427 50 73 0 0 0    13 200 427 50 73 255 0 0
motion 4 13 200 427 50 73 255 0 0    14 200 427 50 73 0 0 0
motion 4 14 200 427 50 73 0 0 0    15 250 427 50 73 0 0 0
motion 5 14 250 290 50 210 0 0 0    15 200 290 50 210 0 0 0
motion 4 16 250 427 50 73 0 0 0    17 250 427 50 73 255 0 0
motion 4 17 250 427 50 73 255 0 0    18 250 427 50 73 0 0 0
motion 4 18 250 427 50 73 0 0 0    19 300 427 50 73 0 0 0
motion 6 18 300 187 50 313 0 0 0    19 250 187 50 313 0 0 0
motion 4 20 300 427 50 73 0 0 0    21 300 427 50 73 255 0 0
motion 4 21 300 427 50 73 255 0 0    22 300 427 50 73 0 0 0
motion 4 22 300 427 50 73 0 0 0    23 350 427 50 73 0 0 0
motion 7 22 350 422 50 78 0 0 0    23 300 422 50 78 0 0 0
motion 4 24 350 427 50 73 0 0 0    25 350 427 50 73 255 0 0
motion 4 25 350 427 50 73 255 0 0    26 350 427 50 73 0 0 0
motion 4 26 350 427 50 73 0 0 0    27 400 427 50 73 0 0 0
motion 8 26 400 359 50 141 0 0 0    27 350 359 50 141 0 0 0
motion 4 28 400 427 50 73 0 0 0    29 400 427 50 73 255 0 0
motion 4 29 400 427 50 73 255 0 0    30 400 427 50 73 0 0 0
motion 4 30 400 427 50 73 0 0 0    31 450 427 50 73 0 0 0
motion 9 30 450 254 50 246 0 0 0    31 400 254 50 246 0 0 0
motion 4 32 450 427 50 73 0 0 0    33 450 427 50 73 255 0 0
motion 4 33 450 427 50 73 255 0 0    34 450 427 50 73 0 0 0
motion 0 34 0 124 50 376 0 0 0    35 0 124 50 376 255 0 0
motion 0 35 0 124 50 376 255 0 0    36 0 124 50 376 0 0 0
motion 2 36 50 127 50 373 0 0 0    37 50 127 50 373 255 0 0
motion 2 37 50 127 50 373 255 0 0    38 50 127 50 373 0 0 0
motion 3 38 100 253 50 247 0 0 0    39 100 253 50 247 255 0 0
motion 3 39 100 253 50 247 255 0 0    40 100 253 50 247 0 0 0
motion 1 40 150 338 50 162 0 0 0    41 150 338 50 162 255 0 0
motion 1 41 150 338 50 162 255 0 0    42 150 338 50 162 0 0 0
motion 1 42 150 338 50 162 0 0 0    43 200 338 50 162 0 0 0
motion 5 42 200 290 50 210 0 0 0    43 150 290 50 210 0 0 0
motion 1 44 200 338 50 162 0 0 0    45 200 338 50 162 255 0 0
motion 1 45 200 338 50 162 255 0 0    46 200 338 50 162 0 0 0
motion 1 46 200 338 50 162 0 0 0    47 250 338 50 162 0 0 0
motion 6 46 250 187 50 313 0 0 0    47 200 187 50 313 0 0 0
motion 1 48 250 338 50 162 0 0 0    49 250 338 50 162 255 0 0
motion 1 49 250 338 50 162 255 0 0    50 250 338 50 162 0 0 0
motion 7 50 300 422 50 78 0 0 0    51 300 422 50 78 255 0 0
motion 7 51 300 422 50 78 255 0 0    52 300 422 50 78 0 0 0
motion 7 52 300 422 50 78 0 0 0    53 350 422 50 78 0 0 0
motion 8 52 350 359 50 141 0 0 0    53 300 359 50 141 0 0 0
motion 7 54 350 422 50 78 0 0 0    55 350 422 50 78 255 0 0
motion 7 55 350 422 50 78 255 0 0    56 350 422 50 78 0 0 0
motion 7 56 350 422 50 78 0 0 0    57 400 422 50 78 0 0 0
motion 9 56 400 254 50 246 0 0 0    57 350 254 50 246 0 0 0
motion 7 58 400 422 50 78 0 0 0    59 400 422 50 78 255 0 0
motion 7 59 400 422 50 78 255 0 0    60 400 422 50 78 0 0 0
motion 4 60 450 427 50 73 0 0 0    61 450 427 50 73 255 0 0
motion 4 61 450 427 50 73 255 0 0    62 450 427 50 73 0 0 0
motion 0 62 0 124 50 376 0 0 0    63 0 124 50 376 255 0 0
motion 0 63 0 124 50 376 255 0 0    64 0 124 50 376 0 0 0
motion 2 64 50 127 50 373 0 0 0    65 50 127 50 373 255 0 0
motion 2 65 50 127 50 373 255 0 0    66 50 127 50 373 0 0 0
motion 3 66 100 253 50 247 0 0 0    67 100 253 50 247 255 0 0
motion 3 67 100 253 50 247 255 0 0    68 100 253 50 247 0 0 0
motion 5 68 150 290 50 210 0 0 0    69 150 290 50 210 255 0 0
motion 5 69 150 290 50 210 255 0 0    70 150 290 50 210 0 0 0
motion 5 70 150 290 50 210 0 0 0    71 200 290 50 210 0 0 0
motion 6 70 200 187 50 313 0 0 0    71 150 187 50 313 0 0 0
motion 5 72 200 290 50 210 0 0 0    73 200 290 50 210 255 0 0
motion 5 73 200 290 50 210 255 0 0    74 200 290 50 210 0 0 0
motion 1 74 250 338 50 162 0 0 0    75 250 338 50 162 255 0 0
motion 1 75 250 338 50 162 255 0 0    76 250 338 50 162 0 0 0
motion 8 76 300 359 50 141 0 0 0    77 300 359 50 141 255 0 0
motion 8 77 300 359 50 141 255 0 0    78 300 359 50 141 0 0 0
motion 8 78 300 359 50 141 0 0 0    79 350 359 50 141 0 0 0
motion 9 78 350 254 50 246 0 0 0    79 300 254 50 246 0 0 0
motion 8 80 350 359 50 141 0 0 0    81 350 359 50 141 255 0 0
motion 8 81 350 359 50 141 255 0 0    82 350 359 50 141 0 0 0
motion 7 82 400 422 50 78 0 0 0    83 400 422 50 78 255 0 0
motion 7 83 400 422 50 78 255 0 0    84 400 422 50 78 0 0 0
motion 4 84 450 427 50 73 0 0 0    85 450 427 50 73 255 0 0
motion 4 85 450 427 50 73 255 0 0    86 450 427 50 73 0 0 0
motion 0 86 0 124 50 376 0 0 0    87 0 124 50 376 255 0 0
motion 0 87 0 124 50 376 255 0 0    88 0 124 50 376 0 0 0
motion 2 88 50 127 50 373 0 0 0    89 50 127 50 373 255 0 0
motion 2 89 50 127 50 373 255 0 0    90 50 127 50 373 0 0 0
motion 3 90 100 253 50 247 0 0 0    91 100 253 50 247 255 0 0
motion 3 91 100 253 50 247 255 0 0    92 100 253 50 247 0 0 0
motion 3 92 100 253 50 247 0 0 0    93 150 253 50 247 0 0 0
motion 6 92 150 187 50 313 0 0 0    93 100 187 50 313 0 0 0
motion 3 94 150 253 50 247 0 0 0    95 150 253 50 247 255 0 0
motion 3 95 150 253 50 247 255 0 0    96 150 253 50 247 0 0 0
motion 5 96 200 290 50 210 0 0 0    97 200 290 50 210 255 0 0
motion 5 97 200 290 50 210 255 0 0    98 200 290 50 210 0 0 0
motion 1 98 250 338 50 162 0 0 0    99 250 338 50 162 255 0 0
motion 1 99 250 338 50 162 255 0 0    100 250 338 50 162 0 0 0
motion 1 100 250 338 50 162 0 0 0    101 300 338 50 162 0 0 0
motion 9 100 300 254 50 246 0 0 0    101 250 254 50 246 0 0 0
motion 1 102 300 338 50 162 0 0 0    103 300 338 50 162 255 0 0
motion 1 103 300 338 50 162 255 0 0    104 300 338 50 162 0 0 0
motion 8 104 350 359 50 141 0 0 0    105 350 359 50 141 255 0 0
motion 8 105 350 359 50 141 255 0 0    106 350 359 50 141 0 0 0
motion 7 106 400 422 50 78 0 0 0    107 400 422 50 78 255 0 0
motion 7 107 400 422 50 78 255 0 0    108 400 422 50 78 0 0 0
motion 4 108 450 427 50 73 0 0 0    109 450 427 50 73 255 0 0
motion 4 109 450 427 50 73 255 0 0    110 450 427 50 73 0 0 0
motion 0 110 0 124 50 376 0 0 0    111 0 124 50 376 255 0 0
motion 0 111 0 124 50 376 255 0 0    112 0 124 50 376 0 0 0
motion 2 112 50 127 50 373 0 0 0    113 50 127 50 373 255 0 0
motion 2 113 50 127 50 373 255 0 0    114 50 127 50 373 0 0 0
motion 6 114 100 187 50 313 0 0 0    115 100 187 50 313 255 0 0
motion 6 115 100 187 50 313 255 0 0    116 100 187 50 313 0 0 0
motion 3 116 150 253 50 247 0 0 0    117 150 253 50 247 255 0 0
motion 3 117 150 253 50 247 255 0 0    118 150 253 50 247 0 0 0
motion 5 118 200 290 50 210 0 0 0    119 200 290 50 210 255 0 0
motion 5 119 200 290 50 210 255 0 0    120 200 290 50 210 0 0 0
motion 5 120 200 290 50 210 0 0 0    121 250 290 50 210 0 0 0
motion 9 120 250 254 50 246 0 0 0    121 200 254 50 246 0 0 0
motion 5 122 250 290 50 210 0 0 0    123 250 290 50 210 255 0 0
motion 5 123 250 290 50 210 255 0 0    124 250 290 50 210 0 0 0
motion 1 124 300 338 50 162 0 0 0    125 300 338 50 162 255 0 0
motion 1 125 300 338 50 162 255 0 0    126 300 338 50 162 0 0 0
motion 8 126 350 359 50 141 0 0 0    127 350 359 50 141 255 0 0
motion 8 127 350 359 50 141 255 0 0    128 350 359 50 141 0 0 0
motion 7 128 400 422 50 78 0 0 0    129 400 422 50 78 255 0 0
motion 7 129 400 422 50 78 255 0 0    130 400 422 50 78 0 0 0
motion 4 130 450 427 50 73 0 0 0    131 450 427 50 73 255 0 0
motion 4 131 450 427 50 73 255 0 0    132 450 427 50 73 0 0 0
motion 0 132 0 124 50 376 0 0 0    142 0 124 50 376 0 255 0
motion 0 142 0 124 50 376 0 255 0    152 0 124 50 376 0 0 0
motion 2 134 50 127 50 373 0 0 0    143 50 127 50 373 0 255 0
motion 2 143 50 127 50 373 0 255 0    152 50 127 50 373 0 0 0
motion 6 136 100 187 50 313 0 0 0    144 100 187 50 313 0 255 0
motion 6 144 100 187 50 313 0 255 0    152 100 187 50 313 0 0 0
motion 3 138 150 253 50 247 0 0 0    145 150 253 50 247 0 255 0
motion 3 145 150 253 50 247 0 255 0    152 150 253 50 247 0 0 0
motion 9 140 200 254 50 246 0 0 0    146 200 254 50 246 0 255 0
motion 9 146 200 254 50 246 0 255 0    152 200 254 50 246 0 0 0
motion 5 142 250 290 50 210 0 0 0    147 250 290 50 210 0 255 0
motion 5 147 250 290 50 210 0 255 0    152 250 290 50 210 0 0 0
motion 1 144 300 338 50 162 0 0 0    148 300 338 50 162 0 255 0
motion 1 148 300 338 50 162 0 255 0    152 300 338 50 162 0 0 0
motion 8 146 350 359 50 141 0 0 0    149 350 359 50 141 0 255 0
motion 8 149 350 359 50 141 0 255 0    152 350 359 50 141 0 0 0
motion 7 148 400 422 50 78 0 0 0    150 400 422 50 78 0 255 0
motion 7 150 400 422 50 78 0 255 0    152 400 422 50 78 0 0 0
motion 4 150 450 427 50 73 0 0 0    151 450 427 50 73 0 255 0
motion 4 151 450 427 50 73 0 255 0    152 450 427 50 73 0 0 0
