canvas 0 0 500 500
tempo 50 150 80
tempo 350 365 2

shape 0 rectangle
shape 1 rectangle
shape 2 rectangle
shape 3 rectangle
shape 4 rectangle
shape 5 rectangle
shape 6 rectangle
shape 7 rectangle
shape 8 rectangle
shape 9 rectangle
shape 10 rectangle
shape 11 rectangle
shape 12 rectangle
shape 13 rectangle
shape 14 rectangle
shape 15 rectangle
shape 16 rectangle
shape 17 rectangle
shape 18 rectangle
shape 19 rectangle
motion 0 0 0 283 25 217 0 0 0    0 0 283 25 217 0 0 0
motion 1 0 25 30 25 470 0 0 0    0 25 30 25 470 0 0 0
motion 2 0 50 79 25 421 0 0 0    0 50 79 25 421 0 0 0
motion 3 0 75 492 25 8 0 0 0    0 75 492 25 8 0 0 0
motion 4 0 100 101 25 399 0 0 0    0 100 101 25 399 0 0 0
motion 5 0 125 19 25 481 0 0 0    0 125 19 25 481 0 0 0
motion 6 0 150 156 25 344 0 0 0    0 150 156 25 344 0 0 0
motion 7 0 175 224 25 276 0 0 0    0 175 224 25 276 0 0 0
motion 8 0 200 390 25 110 0 0 0    0 200 390 25 110 0 0 0
motion 9 0 225 93 25 407 0 0 0    0 225 93 25 407 0 0 0
motion 10 0 250 195 25 305 0 0 0    0 250 195 25 305 0 0 0
motion 11 0 275 23 25 477 0 0 0    0 275 23 25 477 0 0 0
motion 12 0 300 201 25 299 0 0 0    0 300 201 25 299 0 0 0
motion 13 0 325 157 25 343 0 0 0    0 325 157 25 343 0 0 0
motion 14 0 350 288 25 212 0 0 0    0 350 288 25 212 0 0 0
motion 15 0 375 367 25 133 0 0 0    0 375 367 25 133 0 0 0
motion 16 0 400 172 25 328 0 0 0    0 400 172 25 328 0 0 0
motion 17 0 425 496 25 4 0 0 0    0 425 496 25 4 0 0 0
motion 18 0 450 347 25 153 0 0 0    0 450 347 25 153 0 0 0
motion 19 0 475 268 25 232 0 0 0    0 475 268 25 232 0 0 0
motion 0 0 0 283 25 217 0 0 0    1 0 283 25 217 255 0 0
motion 0 1 0 283 25 217 255 0 0    2 0 283 25 217 0 0 0
motion 0 2 0 283 25 217 0 0 0    3 25 283 25 217 0 0 0
motion 1 2 25 30 25 470 0 0 0    3 0 30 25 470 0 0 0
motion 0 4 25 283 25 217 0 0 0    5 25 283 25 217 255 0 0
motion 0 5 25 283 25 217 255 0 0    6 25 283 25 217 0 0 0
motion 0 6 25 283 25 217 0 0 0    7 50 283 25 217 0 0 0
motion 2 6 50 79 25 421 0 0 0    7 25 79 25 421 0 0 0
motion 0 8 50 283 25 217 0 0 0    9 50 283 25 217 255 0 0
motion 0 9 50 283 25 217 255 0 0    10 50 283 25 217 0 0 0
motion 3 10 75 492 25 8 0 0 0    11 75 492 25 8 255 0 0
motion 3 11 75 492 25 8 255 0 0    12 75 492 25 8 0 0 0
motion 3 12 75 492 25 8 0 0 0    13 100 492 25 8 0 0 0
motion 4 12 100 101 25 399 0 0 0    13 75 101 25 399 0 0 0
motion 3 14 100 492 25 8 0 0 0    15 100 492 25 8 255 0 0
motion 3 15 100 492 25 8 255 0 0    16 100 492 25 8 0 0 0
motion 3 16 100 492 25 8 0 0 0    17 125 492 25 8 0 0 0
motion 5 16 125 19 25 481 0 0 0    17 100 19 25 481 0 0 0
motion 3 18 125 492 25 8 0 0 0    19 125 492 25 8 255 0 0
motion 3 19 125 492 25 8 255 0 0    20 125 492 25 8 0 0 0
motion 3 20 125 492 25 8 0 0 0    21 150 492 25 8 0 0 0
motion 6 20 150 156 25 344 0 0 0    21 125 156 25 344 0 0 0
motion 3 22 150 492 25 8 0 0 0    23 150 492 25 8 255 0 0
motion 3 23 150 492 25 8 255 0 0    24 150 492 25 8 0 0 0
motion 3 24 150 492 25 8 0 0 0    25 175 492 25 8 0 0 0
motion 7 24 175 224 25 276 0 0 0    25 150 224 25 276 0 0 0
motion 3 26 175 492 25 8 0 0 0    27 175 492 25 8 255 0 0
motion 3 27 175 492 25 8 255 0 0    28 175 492 25 8 0 0 0
motion 3 28 175 492 25 8 0 0 0    29 200 492 25 8 0 0 0
motion 8 28 200 390 25 110 0 0 0    29 175 390 25 110 0 0 0
motion 3 30 200 492 25 8 0 0 0    31 200 492 25 8 255 0 0
motion 3 31 200 492 25 8 255 0 0    32 200 492 25 8 0 0 0
motion 3 32 200 492 25 8 0 0 0    33 225 492 25 8 0 0 0
motion 9 32 225 93 25 407 0 0 0    33 200 93 25 407 0 0 0
motion 3 34 225 492 25 8 0 0 0    35 225 492 25 8 255 0 0
motion 3 35 225 492 25 8 255 0 0    36 225 492 25 8 0 0 0
motion 3 36 225 492 25 8 0 0 0    37 250 492 25 8 0 0 0
motion 10 36 250 195 25 305 0 0 0    37 225 195 25 305 0 0 0
motion 3 38 250 492 25 8 0 0 0    39 250 492 25 8 255 0 0
motion 3 39 250 492 25 8 255 0 0    40 250 492 25 8 0 0 0
motion 3 40 250 492 25 8 0 0 0    41 275 492 25 8 0 0 0
motion 11 40 275 23 25 477 0 0 0    41 250 23 25 477 0 0 0
motion 3 42 275 492 25 8 0 0 0    43 275 492 25 8 255 0 0
motion 3 43 275 492 25 8 255 0 0    44 275 492 25 8 0 0 0
motion 3 44 275 492 25 8 0 0 0    45 300 492 25 8 0 0 0
motion 12 44 300 201 25 299 0 0 0    45 275 201 25 299 0 0 0
motion 3 46 300 492 25 8 0 0 0    47 300 492 25 8 255 0 0
motion 3 47 300 492 25 8 255 0 0    48 300 492 25 8 0 0 0
motion 3 48 300 492 25 8 0 0 0    49 325 492 25 8 0 0 0
motion 13 48 325 157 25 343 0 0 0    49 300 157 25 343 0 0 0
motion 3 50 325 492 25 8 0 0 0    51 325 492 25 8 255 0 0
motion 3 51 325 492 25 8 255 0 0    52 325 492 25 8 0 0 0
motion 3 52 325 492 25 8 0 0 0    53 350 492 25 8 0 0 0
motion 14 52 350 288 25 212 0 0 0    53 325 288 25 212 0 0 0
motion 3 54 350 492 25 8 0 0 0    55 350 492 25 8 255 0 0
motion 3 55 350 492 25 8 255 0 0    56 350 492 25 8 0 0 0
motion 3 56 350 492 25 8 0 0 0    57 375 492 25 8 0 0 0
motion 15 56 375 367 25 133 0 0 0    57 350 367 25 133 0 0 0
motion 3 58 375 492 25 8 0 0 0    59 375 492 25 8 255 0 0
motion 3 59 375 492 25 8 255 0 0    60 375 492 25 8 0 0 0
motion 3 60 375 492 25 8 0 0 0    61 400 492 25 8 0 0 0
motion 16 60 400 172 25 328 0 0 0    61 375 172 25 328 0 0 0
motion 3 62 400 492 25 8 0 0 0    63 400 492 25 8 255 0 0
motion 3 63 400 492 25 8 255 0 0    64 400 492 25 8 0 0 0
motion 17 64 425 496 25 4 0 0 0    65 425 496 25 4 255 0 0
motion 17 65 425 496 25 4 255 0 0    66 425 496 25 4 0 0 0
motion 17 66 425 496 25 4 0 0 0    67 450 496 25 4 0 0 0
motion 18 66 450 347 25 153 0 0 0    67 425 347 25 153 0 0 0
motion 17 68 450 496 25 4 0 0 0    69 450 496 25 4 255 0 0
motion 17 69 450 496 25 4 255 0 0    70 450 496 25 4 0 0 0
motion 17 70 450 496 25 4 0 0 0    71 475 496 25 4 0 0 0
motion 19 70 475 268 25 232 0 0 0    71 450 268 25 232 0 0 0
motion 17 72 475 496 25 4 0 0 0    73 475 496 25 4 255 0 0
motion 17 73 475 496 25 4 255 0 0    74 475 496 25 4 0 0 0
motion 1 74 0 30 25 470 0 0 0    75 0 30 25 470 255 0 0
motion 1 75 0 30 25 470 255 0 0    76 0 30 25 470 0 0 0
motion 2 76 25 79 25 421 0 0 0    77 25 79 25 421 255 0 0
motion 2 77 25 79 25 421 255 0 0    78 25 79 25 421 0 0 0
motion 0 78 50 283 25 217 0 0 0    79 50 283 25 217 255 0 0
motion 0 79 50 283 25 217 255 0 0    80 50 283 25 217 0 0 0
motion 0 80 50 283 25 217 0 0 0    81 75 283 25 217 0 0 0
motion 4 80 75 101 25 399 0 0 0    81 50 101 25 399 0 0 0
motion 0 82 75 283 25 217 0 0 0    83 75 283 25 217 255 0 0
motion 0 83 75 283 25 217 255 0 0    84 75 283 25 217 0 0 0
motion 0 84 75 283 25 217 0 0 0    85 100 283 25 217 0 0 0
motion 5 84 100 19 25 481 0 0 0    85 75 19 25 481 0 0 0
motion 0 86 100 283 25 217 0 0 0    87 100 283 25 217 255 0 0
motion 0 87 100 283 25 217 255 0 0    88 100 283 25 217 0 0 0
motion 0 88 100 283 25 217 0 0 0    89 125 283 25 217 0 0 0
motion 6 88 125 156 25 344 0 0 0    89 100 156 25 344 0 0 0
motion 0 90 125 283 25 217 0 0 0    91 125 283 25 217 255 0 0
motion 0 91 125 283 25 217 255 0 0    92 125 283 25 217 0 0 0
motion 0 92 125 283 25 217 0 0 0    93 150 283 25 217 0 0 0
motion 7 92 150 224 25 276 0 0 0    93 125 224 25 276 0 0 0
motion 0 94 150 283 25 217 0 0 0    95 150 283 25 217 255 0 0
motion 0 95 150 283 25 217 255 0 0    96 150 283 25 217 0 0 0
motion 8 96 175 390 25 110 0 0 0    97 175 390 25 110 255 0 0
motion 8 97 175 390 25 110 255 0 0    98 175 390 25 110 0 0 0
motion 8 98 175 390 25 110 0 0 0    99 200 390 25 110 0 0 0
motion 9 98 200 93 25 407 0 0 0    99 175 93 25 407 0 0 0
motion 8 100 200 390 25 110 0 0 0    101 200 390 25 110 255 0 0
motion 8 101 200 390 25 110 255 0 0    102 200 390 25 110 0 0 0
motion 8 102 200 390 25 110 0 0 0    103 225 390 25 110 0 0 0
motion 10 102 225 195 25 305 0 0 0    103 200 195 25 305 0 0 0
motion 8 104 225 390 25 110 0 0 0    105 225 390 25 110 255 0 0
motion 8 105 225 390 25 110 255 0 0    106 225 390 25 110 0 0 0
motion 8 106 225 390 25 110 0 0 0    107 250 390 25 110 0 0 0
motion 11 106 250 23 25 477 0 0 0    107 225 23 25 477 0 0 0
motion 8 108 250 390 25 110 0 0 0    109 250 390 25 110 255 0 0
motion 8 109 250 390 25 110 255 0 0    110 250 390 25 110 0 0 0
motion 8 110 250 390 25 110 0 0 0    111 275 390 25 110 0 0 0
motion 12 110 275 201 25 299 0 0 0    111 250 201 25 299 0 0 0
motion 8 112 275 390 25 110 0 0 0    113 275 390 25 110 255 0 0
motion 8 113 275 390 25 110 255 0 0    114 275 390 25 110 0 0 0
motion 8 114 275 390 25 110 0 0 0    115 300 390 25 110 0 0 0
motion 13 114 300 157 25 343 0 0 0    115 275 157 25 343 0 0 0
motion 8 116 300 390 25 110 0 0 0    117 300 390 25 110 255 0 0
motion 8 117 300 390 25 110 255 0 0    118 300 390 25 110 0 0 0
motion 8 118 300 390 25 110 0 0 0    119 325 390 25 110 0 0 0
motion 14 118 325 288 25 212 0 0 0    119 300 288 25 212 0 0 0
motion 8 120 325 390 25 110 0 0 0    121 325 390 25 110 255 0 0
motion 8 121 325 390 25 110 255 0 0    122 325 390 25 110 0 0 0
motion 8 122 325 390 25 110 0 0 0    123 350 390 25 110 0 0 0
motion 15 122 350 367 25 133 0 0 0    123 325 367 25 133 0 0 0
motion 8 124 350 390 25 110 0 0 0    125 350 390 25 110 255 0 0
motion 8 125 350 390 25 110 255 0 0    126 350 390 25 110 0 0 0
motion 8 126 350 390 25 110 0 0 0    127 375 390 25 110 0 0 0
motion 16 126 375 172 25 328 0 0 0    127 350 172 25 328 0 0 0
motion 8 128 375 390 25 110 0 0 0    129 375 390 25 110 255 0 0
motion 8 129 375 390 25 110 255 0 0    130 375 390 25 110 0 0 0
motion 3 130 400 492 25 8 0 0 0    131 400 492 25 8 255 0 0
motion 3 131 400 492 25 8 255 0 0    132 400 492 25 8 0 0 0
motion 3 132 400 492 25 8 0 0 0    133 425 492 25 8 0 0 0
motion 18 132 425 347 25 153 0 0 0    133 400 347 25 153 0 0 0
motion 3 134 425 492 25 8 0 0 0    135 425 492 25 8 255 0 0
motion 3 135 425 492 25 8 255 0 0    136 425 492 25 8 0 0 0
motion 3 136 425 492 25 8 0 0 0    137 450 492 25 8 0 0 0
motion 19 136 450 268 25 232 0 0 0    137 425 268 25 232 0 0 0
motion 3 138 450 492 25 8 0 0 0    139 450 492 25 8 255 0 0
motion 3 139 450 492 25 8 255 0 0    140 450 492 25 8 0 0 0
motion 17 140 475 496 25 4 0 0 0    141 475 496 25 4 255 0 0
motion 17 141 475 496 25 4 255 0 0    142 475 496 25 4 0 0 0
motion 1 142 0 30 25 470 0 0 0    143 0 30 25 470 255 0 0
motion 1 143 0 30 25 470 255 0 0    144 0 30 25 470 0 0 0
motion 2 144 25 79 25 421 0 0 0    145 25 79 25 421 255 0 0
motion 2 145 25 79 25 421 255 0 0    146 25 79 25 421 0 0 0
motion 4 146 50 101 25 399 0 0 0    147 50 101 25 399 255 0 0
motion 4 147 50 101 25 399 255 0 0    148 50 101 25 399 0 0 0
motion 4 148 50 101 25 399 0 0 0    149 75 101 25 399 0 0 0
motion 5 148 75 19 25 481 0 0 0    149 50 19 25 481 0 0 0
motion 4 150 75 101 25 399 0 0 0    151 75 101 25 399 255 0 0
motion 4 151 75 101 25 399 255 0 0    152 75 101 25 399 0 0 0
motion 6 152 100 156 25 344 0 0 0    153 100 156 25 344 255 0 0
motion 6 153 100 156 25 344 255 0 0    154 100 156 25 344 0 0 0
motion 7 154 125 224 25 276 0 0 0    155 125 224 25 276 255 0 0
motion 7 155 125 224 25 276 255 0 0    156 125 224 25 276 0 0 0
motion 0 156 150 283 25 217 0 0 0    157 150 283 25 217 255 0 0
motion 0 157 150 283 25 217 255 0 0    158 150 283 25 217 0 0 0
motion 0 158 150 283 25 217 0 0 0    159 175 283 25 217 0 0 0
motion 9 158 175 93 25 407 0 0 0    159 150 93 25 407 0 0 0
motion 0 160 175 283 25 217 0 0 0    161 175 283 25 217 255 0 0
motion 0 161 175 283 25 217 255 0 0    162 175 283 25 217 0 0 0
motion 0 162 175 283 25 217 0 0 0    163 200 283 25 217 0 0 0
motion 10 162 200 195 25 305 0 0 0    163 175 195 25 305 0 0 0
motion 0 164 200 283 25 217 0 0 0    165 200 283 25 217 255 0 0
motion 0 165 200 283 25 217 255 0 0    166 200 283 25 217 0 0 0
motion 0 166 200 283 25 217 0 0 0    167 225 283 25 217 0 0 0
motion 11 166 225 23 25 477 0 0 0    167 200 23 25 477 0 0 0
motion 0 168 225 283 25 217 0 0 0    169 225 283 25 217 255 0 0
motion 0 169 225 283 25 217 255 0 0    170 225 283 25 217 0 0 0
motion 0 170 225 283 25 217 0 0 0    171 250 283 25 217 0 0 0
motion 12 170 250 201 25 299 0 0 0    171 225 201 25 299 0 0 0
motion 0 172 250 283 25 217 0 0 0    173 250 283 25 217 255 0 0
motion 0 173 250 283 25 217 255 0 0    174 250 283 25 217 0 0 0
motion 0 174 250 283 25 217 0 0 0    175 275 283 25 217 0 0 0
motion 13 174 275 157 25 343 0 0 0    175 250 157 25 343 0 0 0
motion 0 176 275 283 25 217 0 0 0    177 275 283 25 217 255 0 0
motion 0 177 275 283 25 217 255 0 0    178 275 283 25 217 0 0 0
motion 14 178 300 288 25 212 0 0 0    179 300 288 25 212 255 0 0
motion 14 179 300 288 25 212 255 0 0    180 300 288 25 212 0 0 0
motion 15 180 325 367 25 133 0 0 0    181 325 367 25 133 255 0 0
motion 15 181 325 367 25 133 255 0 0    182 325 367 25 133 0 0 0
motion 15 182 325 367 25 133 0 0 0    183 350 367 25 133 0 0 0
motion 16 182 350 172 25 328 0 0 0    183 325 172 25 328 0 0 0
motion 15 184 350 367 25 133 0 0 0    185 350 367 25 133 255 0 0
motion 15 185 350 367 25 133 255 0 0    186 350 367 25 133 0 0 0
motion 8 186 375 390 25 110 0 0 0    187 375 390 25 110 255 0 0
motion 8 187 375 390 25 110 255 0 0    188 375 390 25 110 0 0 0
motion 8 188 375 390 25 110 0 0 0    189 400 390 25 110 0 0 0
motion 18 188 400 347 25 153 0 0 0    189 375 347 25 153 0 0 0
motion 8 190 400 390 25 110 0 0 0    191 400 390 25 110 255 0 0
motion 8 191 400 390 25 110 255 0 0    192 400 390 25 110 0 0 0
motion 8 192 400 390 25 110 0 0 0    193 425 390 25 110 0 0 0
motion 19 192 425 268 25 232 0 0 0    193 400 268 25 232 0 0 0
motion 8 194 425 390 25 110 0 0 0    195 425 390 25 110 255 0 0
motion 8 195 425 390 25 110 255 0 0    196 425 390 25 110 0 0 0
motion 3 196 450 492 25 8 0 0 0    197 450 492 25 8 255 0 0
motion 3 197 450 492 25 8 255 0 0    198 450 492 25 8 0 0 0
motion 17 198 475 496 25 4 0 0 0    199 475 496 25 4 255 0 0
motion 17 199 475 496 25 4 255 0 0    200 475 496 25 4 0 0 0
motion 1 200 0 30 25 470 0 0 0    201 0 30 25 470 255 0 0
motion 1 201 0 30 25 470 255 0 0    202 0 30 25 470 0 0 0
motion 2 202 25 79 25 421 0 0 0    203 25 79 25 421 255 0 0
motion 2 203 25 79 25 421 255 0 0    204 25 79 25 421 0 0 0
motion 2 204 25 79 25 421 0 0 0    205 50 79 25 421 0 0 0
motion 5 204 50 19 25 481 0 0 0    205 25 19 25 481 0 0 0
motion 2 206 50 79 25 421 0 0 0    207 50 79 25 421 255 0 0
motion 2 207 50 79 25 421 255 0 0    208 50 79 25 421 0 0 0
motion 4 208 75 101 25 399 0 0 0    209 75 101 25 399 255 0 0
motion 4 209 75 101 25 399 255 0 0    210 75 101 25 399 0 0 0
motion 6 210 100 156 25 344 0 0 0    211 100 156 25 344 255 0 0
motion 6 211 100 156 25 344 255 0 0    212 100 156 25 344 0 0 0
motion 7 212 125 224 25 276 0 0 0    213 125 224 25 276 255 0 0
motion 7 213 125 224 25 276 255 0 0    214 125 224 25 276 0 0 0
motion 7 214 125 224 25 276 0 0 0    215 150 224 25 276 0 0 0
motion 9 214 150 93 25 407 0 0 0    215 125 93 25 407 0 0 0
motion 7 216 150 224 25 276 0 0 0    217 150 224 25 276 255 0 0
motion 7 217 150 224 25 276 255 0 0    218 150 224 25 276 0 0 0
motion 7 218 150 224 25 276 0 0 0    219 175 224 25 276 0 0 0
motion 10 218 175 195 25 305 0 0 0    219 150 195 25 305 0 0 0
motion 7 220 175 224 25 276 0 0 0    221 175 224 25 276 255 0 0
motion 7 221 175 224 25 276 255 0 0    222 175 224 25 276 0 0 0
motion 7 222 175 224 25 276 0 0 0    223 200 224 25 276 0 0 0
motion 11 222 200 23 25 477 0 0 0    223 175 23 25 477 0 0 0
motion 7 224 200 224 25 276 0 0 0    225 200 224 25 276 255 0 0
motion 7 225 200 224 25 276 255 0 0    226 200 224 25 276 0 0 0
motion 7 226 200 224 25 276 0 0 0    227 225 224 25 276 0 0 0
motion 12 226 225 201 25 299 0 0 0    227 200 201 25 299 0 0 0
motion 7 228 225 224 25 276 0 0 0    229 225 224 25 276 255 0 0
motion 7 229 225 224 25 276 255 0 0    230 225 224 25 276 0 0 0
motion 7 230 225 224 25 276 0 0 0    231 250 224 25 276 0 0 0
motion 13 230 250 157 25 343 0 0 0    231 225 157 25 343 0 0 0
motion 7 232 250 224 25 276 0 0 0    233 250 224 25 276 255 0 0
motion 7 233 250 224 25 276 255 0 0    234 250 224 25 276 0 0 0
motion 0 234 275 283 25 217 0 0 0    235 275 283 25 217 255 0 0
motion 0 235 275 283 25 217 255 0 0    236 275 283 25 217 0 0 0
motion 14 236 300 288 25 212 0 0 0    237 300 288 25 212 255 0 0
motion 14 237 300 288 25 212 255 0 0    238 300 288 25 212 0 0 0
motion 14 238 300 288 25 212 0 0 0    239 325 288 25 212 0 0 0
motion 16 238 325 172 25 328 0 0 0    239 300 172 25 328 0 0 0
motion 14 240 325 288 25 212 0 0 0    241 325 288 25 212 255 0 0
motion 14 241 325 288 25 212 255 0 0    242 325 288 25 212 0 0 0
motion 15 242 350 367 25 133 0 0 0    243 350 367 25 133 255 0 0
motion 15 243 350 367 25 133 255 0 0    244 350 367 25 133 0 0 0
motion 15 244 350 367 25 133 0 0 0    245 375 367 25 133 0 0 0
motion 18 244 375 347 25 153 0 0 0    245 350 347 25 153 0 0 0
motion 15 246 375 367 25 133 0 0 0    247 375 367 25 133 255 0 0
motion 15 247 375 367 25 133 255 0 0    248 375 367 25 133 0 0 0
motion 15 248 375 367 25 133 0 0 0    249 400 367 25 133 0 0 0
motion 19 248 400 268 25 232 0 0 0    249 375 268 25 232 0 0 0
motion 15 250 400 367 25 133 0 0 0    251 400 367 25 133 255 0 0
motion 15 251 400 367 25 133 255 0 0    252 400 367 25 133 0 0 0
motion 8 252 425 390 25 110 0 0 0    253 425 390 25 110 255 0 0
motion 8 253 425 390 25 110 255 0 0    254 425 390 25 110 0 0 0
motion 3 254 450 492 25 8 0 0 0    255 450 492 25 8 255 0 0
motion 3 255 450 492 25 8 255 0 0    256 450 492 25 8 0 0 0
motion 17 256 475 496 25 4 0 0 0    257 475 496 25 4 255 0 0
motion 17 257 475 496 25 4 255 0 0    258 475 496 25 4 0 0 0
motion 1 258 0 30 25 470 0 0 0    259 0 30 25 470 255 0 0
motion 1 259 0 30 25 470 255 0 0    260 0 30 25 470 0 0 0
motion 1 260 0 30 25 470 0 0 0    261 25 30 25 470 0 0 0
motion 5 260 25 19 25 481 0 0 0    261 0 19 25 481 0 0 0
motion 1 262 25 30 25 470 0 0 0    263 25 30 25 470 255 0 0
motion 1 263 25 30 25 470 255 0 0    264 25 30 25 470 0 0 0
motion 2 264 50 79 25 421 0 0 0    265 50 79 25 421 255 0 0
motion 2 265 50 79 25 421 255 0 0    266 50 79 25 421 0 0 0
motion 4 266 75 101 25 399 0 0 0    267 75 101 25 399 255 0 0
motion 4 267 75 101 25 399 255 0 0    268 75 101 25 399 0 0 0
motion 6 268 100 156 25 344 0 0 0    269 100 156 25 344 255 0 0
motion 6 269 100 156 25 344 255 0 0    270 100 156 25 344 0 0 0
motion 6 270 100 156 25 344 0 0 0    271 125 156 25 344 0 0 0
motion 9 270 125 93 25 407 0 0 0    271 100 93 25 407 0 0 0
motion 6 272 125 156 25 344 0 0 0    273 125 156 25 344 255 0 0
motion 6 273 125 156 25 344 255 0 0    274 125 156 25 344 0 0 0
motion 10 274 150 195 25 305 0 0 0    275 150 195 25 305 255 0 0
motion 10 275 150 195 25 305 255 0 0    276 150 195 25 305 0 0 0
motion 10 276 150 195 25 305 0 0 0    277 175 195 25 305 0 0 0
motion 11 276 175 23 25 477 0 0 0    277 150 23 25 477 0 0 0
motion 10 278 175 195 25 305 0 0 0    279 175 195 25 305 255 0 0
motion 10 279 175 195 25 305 255 0 0    280 175 195 25 305 0 0 0
motion 12 280 200 201 25 299 0 0 0    281 200 201 25 299 255 0 0
motion 12 281 200 201 25 299 255 0 0    282 200 201 25 299 0 0 0
motion 12 282 200 201 25 299 0 0 0    283 225 201 25 299 0 0 0
motion 13 282 225 157 25 343 0 0 0    283 200 157 25 343 0 0 0
motion 12 284 225 201 25 299 0 0 0    285 225 201 25 299 255 0 0
motion 12 285 225 201 25 299 255 0 0    286 225 201 25 299 0 0 0
motion 7 286 250 224 25 276 0 0 0    287 250 224 25 276 255 0 0
motion 7 287 250 224 25 276 255 0 0    288 250 224 25 276 0 0 0
motion 0 288 275 283 25 217 0 0 0    289 275 283 25 217 255 0 0
motion 0 289 275 283 25 217 255 0 0    290 275 283 25 217 0 0 0
motion 0 290 275 283 25 217 0 0 0    291 300 283 25 217 0 0 0
motion 16 290 300 172 25 328 0 0 0    291 275 172 25 328 0 0 0
motion 0 292 300 283 25 217 0 0 0    293 300 283 25 217 255 0 0
motion 0 293 300 283 25 217 255 0 0    294 300 283 25 217 0 0 0
motion 14 294 325 288 25 212 0 0 0    295 325 288 25 212 255 0 0
motion 14 295 325 288 25 212 255 0 0    296 325 288 25 212 0 0 0
motion 18 296 350 347 25 153 0 0 0    297 350 347 25 153 255 0 0
motion 18 297 350 347 25 153 255 0 0    298 350 347 25 153 0 0 0
motion 18 298 350 347 25 153 0 0 0    299 375 347 25 153 0 0 0
motion 19 298 375 268 25 232 0 0 0    299 350 268 25 232 0 0 0
motion 18 300 375 347 25 153 0 0 0    301 375 347 25 153 255 0 0
motion 18 301 375 347 25 153 255 0 0    302 375 347 25 153 0 0 0
motion 15 302 400 367 25 133 0 0 0    303 400 367 25 133 255 0 0
motion 15 303 400 367 25 133 255 0 0    304 400 367 25 133 0 0 0
motion 8 304 425 390 25 110 0 0 0    305 425 390 25 110 255 0 0
motion 8 305 425 390 25 110 255 0 0    306 425 390 25 110 0 0 0
motion 3 306 450 492 25 8 0 0 0    307 450 492 25 8 255 0 0
motion 3 307 450 492 25 8 255 0 0    308 450 492 25 8 0 0 0
motion 17 308 475 496 25 4 0 0 0    309 475 496 25 4 255 0 0
motion 17 309 475 496 25 4 255 0 0    310 475 496 25 4 0 0 0
motion 5 310 0 19 25 481 0 0 0    311 0 19 25 481 255 0 0
motion 5 311 0 19 25 481 255 0 0    312 0 19 25 481 0 0 0
motion 1 312 25 30 25 470 0 0 0    313 25 30 25 470 255 0 0
motion 1 313 25 30 25 470 255 0 0    314 25 30 25 470 0 0 0
motion 2 314 50 79 25 421 0 0 0    315 50 79 25 421 255 0 0
motion 2 315 50 79 25 421 255 0 0    316 50 79 25 421 0 0 0
motion 4 316 75 101 25 399 0 0 0    317 75 101 25 399 255 0 0
motion 4 317 75 101 25 399 255 0 0    318 75 101 25 399 0 0 0
motion 4 318 75 101 25 399 0 0 0    319 100 101 25 399 0 0 0
motion 9 318 100 93 25 407 0 0 0    319 75 93 25 407 0 0 0
motion 4 320 100 101 25 399 0 0 0    321 100 101 25 399 255 0 0
motion 4 321 100 101 25 399 255 0 0    322 100 101 25 399 0 0 0
motion 6 322 125 156 25 344 0 0 0    323 125 156 25 344 255 0 0
motion 6 323 125 156 25 344 255 0 0    324 125 156 25 344 0 0 0
motion 6 324 125 156 25 344 0 0 0    325 150 156 25 344 0 0 0
motion 11 324 150 23 25 477 0 0 0    325 125 23 25 477 0 0 0
motion 6 326 150 156 25 344 0 0 0    327 150 156 25 344 255 0 0
motion 6 327 150 156 25 344 255 0 0    328 150 156 25 344 0 0 0
motion 10 328 175 195 25 305 0 0 0    329 175 195 25 305 255 0 0
motion 10 329 175 195 25 305 255 0 0    330 175 195 25 305 0 0 0
motion 10 330 175 195 25 305 0 0 0    331 200 195 25 305 0 0 0
motion 13 330 200 157 25 343 0 0 0    331 175 157 25 343 0 0 0
motion 10 332 200 195 25 305 0 0 0    333 200 195 25 305 255 0 0
motion 10 333 200 195 25 305 255 0 0    334 200 195 25 305 0 0 0
motion 12 334 225 201 25 299 0 0 0    335 225 201 25 299 255 0 0
motion 12 335 225 201 25 299 255 0 0    336 225 201 25 299 0 0 0
motion 7 336 250 224 25 276 0 0 0    337 250 224 25 276 255 0 0
motion 7 337 250 224 25 276 255 0 0    338 250 224 25 276 0 0 0
motion 7 338 250 224 25 276 0 0 0    339 275 224 25 276 0 0 0
motion 16 338 275 172 25 328 0 0 0    339 250 172 25 328 0 0 0
motion 7 340 275 224 25 276 0 0 0    341 275 224 25 276 255 0 0
motion 7 341 275 224 25 276 255 0 0    342 275 224 25 276 0 0 0
motion 0 342 300 283 25 217 0 0 0    343 300 283 25 217 255 0 0
motion 0 343 300 283 25 217 255 0 0    344 300 283 25 217 0 0 0
motion 14 344 325 288 25 212 0 0 0    345 325 288 25 212 255 0 0
motion 14 345 325 288 25 212 255 0 0    346 325 288 25 212 0 0 0
motion 14 346 325 288 25 212 0 0 0    347 350 288 25 212 0 0 0
motion 19 346 350 268 25 232 0 0 0    347 325 268 25 232 0 0 0
motion 14 348 350 288 25 212 0 0 0    349 350 288 25 212 255 0 0
motion 14 349 350 288 25 212 255 0 0    350 350 288 25 212 0 0 0
motion 18 350 375 347 25 153 0 0 0    351 375 347 25 153 255 0 0
motion 18 351 375 347 25 153 255 0 0    352 375 347 25 153 0 0 0
motion 15 352 400 367 25 133 0 0 0    353 400 367 25 133 255 0 0
motion 15 353 400 367 25 133 255 0 0    354 400 367 25 133 0 0 0
motion 8 354 425 390 25 110 0 0 0    355 425 390 25 110 255 0 0
motion 8 355 425 390 25 110 255 0 0    356 425 390 25 110 0 0 0
motion 3 356 450 492 25 8 0 0 0    357 450 492 25 8 255 0 0
motion 3 357 450 492 25 8 255 0 0    358 450 492 25 8 0 0 0
motion 17 358 475 496 25 4 0 0 0    359 475 496 25 4 255 0 0
motion 17 359 475 496 25 4 255 0 0    360 475 496 25 4 0 0 0
motion 5 360 0 19 25 481 0 0 0    361 0 19 25 481 255 0 0
motion 5 361 0 19 25 481 255 0 0    362 0 19 25 481 0 0 0
motion 1 362 25 30 25 470 0 0 0    363 25 30 25 470 255 0 0
motion 1 363 25 30 25 470 255 0 0    364 25 30 25 470 0 0 0
motion 2 364 50 79 25 421 0 0 0    365 50 79 25 421 255 0 0
motion 2 365 50 79 25 421 255 0 0    366 50 79 25 421 0 0 0
motion 9 366 75 93 25 407 0 0 0    367 75 93 25 407 255 0 0
motion 9 367 75 93 25 407 255 0 0    368 75 93 25 407 0 0 0
motion 4 368 100 101 25 399 0 0 0    369 100 101 25 399 255 0 0
motion 4 369 100 101 25 399 255 0 0    370 100 101 25 399 0 0 0
motion 4 370 100 101 25 399 0 0 0    371 125 101 25 399 0 0 0
motion 11 370 125 23 25 477 0 0 0    371 100 23 25 477 0 0 0
motion 4 372 125 101 25 399 0 0 0    373 125 101 25 399 255 0 0
motion 4 373 125 101 25 399 255 0 0    374 125 101 25 399 0 0 0
motion 6 374 150 156 25 344 0 0 0    375 150 156 25 344 255 0 0
motion 6 375 150 156 25 344 255 0 0    376 150 156 25 344 0 0 0
motion 13 376 175 157 25 343 0 0 0    377 175 157 25 343 255 0 0
motion 13 377 175 157 25 343 255 0 0    378 175 157 25 343 0 0 0
motion 10 378 200 195 25 305 0 0 0    379 200 195 25 305 255 0 0
motion 10 379 200 195 25 305 255 0 0    380 200 195 25 305 0 0 0
motion 12 380 225 201 25 299 0 0 0    381 225 201 25 299 255 0 0
motion 12 381 225 201 25 299 255 0 0    382 225 201 25 299 0 0 0
motion 12 382 225 201 25 299 0 0 0    383 250 201 25 299 0 0 0
motion 16 382 250 172 25 328 0 0 0    383 225 172 25 328 0 0 0
motion 12 384 250 201 25 299 0 0 0    385 250 201 25 299 255 0 0
motion 12 385 250 201 25 299 255 0 0    386 250 201 25 299 0 0 0
motion 7 386 275 224 25 276 0 0 0    387 275 224 25 276 255 0 0
motion 7 387 275 224 25 276 255 0 0    388 275 224 25 276 0 0 0
motion 0 388 300 283 25 217 0 0 0    389 300 283 25 217 255 0 0
motion 0 389 300 283 25 217 255 0 0    390 300 283 25 217 0 0 0
motion 0 390 300 283 25 217 0 0 0    391 325 283 25 217 0 0 0
motion 19 390 325 268 25 232 0 0 0    391 300 268 25 232 0 0 0
motion 0 392 325 283 25 217 0 0 0    393 325 283 25 217 255 0 0
motion 0 393 325 283 25 217 255 0 0    394 325 283 25 217 0 0 0
motion 14 394 350 288 25 212 0 0 0    395 350 288 25 212 255 0 0
motion 14 395 350 288 25 212 255 0 0    396 350 288 25 212 0 0 0
motion 18 396 375 347 25 153 0 0 0    397 375 347 25 153 255 0 0
motion 18 397 375 347 25 153 255 0 0    398 375 347 25 153 0 0 0
motion 15 398 400 367 25 133 0 0 0    399 400 367 25 133 255 0 0
motion 15 399 400 367 25 133 255 0 0    400 400 367 25 133 0 0 0
motion 8 400 425 390 25 110 0 0 0    401 425 390 25 110 255 0 0
motion 8 401 425 390 25 110 255 0 0    402 425 390 25 110 0 0 0
motion 3 402 450 492 25 8 0 0 0    403 450 492 25 8 255 0 0
motion 3 403 450 492 25 8 255 0 0    404 450 492 25 8 0 0 0
motion 17 404 475 496 25 4 0 0 0    405 475 496 25 4 255 0 0
motion 17 405 475 496 25 4 255 0 0    406 475 496 25 4 0 0 0
motion 5 406 0 19 25 481 0 0 0    407 0 19 25 481 255 0 0
motion 5 407 0 19 25 481 255 0 0    408 0 19 25 481 0 0 0
motion 1 408 25 30 25 470 0 0 0    409 25 30 25 470 255 0 0
motion 1 409 25 30 25 470 255 0 0    410 25 30 25 470 0 0 0
motion 2 410 50 79 25 421 0 0 0    411 50 79 25 421 255 0 0
motion 2 411 50 79 25 421 255 0 0    412 50 79 25 421 0 0 0
motion 9 412 75 93 25 407 0 0 0    413 75 93 25 407 255 0 0
motion 9 413 75 93 25 407 255 0 0    414 75 93 25 407 0 0 0
motion 9 414 75 93 25 407 0 0 0    415 100 93 25 407 0 0 0
motion 11 414 100 23 25 477 0 0 0    415 75 23 25 477 0 0 0
motion 9 416 100 93 25 407 0 0 0    417 100 93 25 407 255 0 0
motion 9 417 100 93 25 407 255 0 0    418 100 93 25 407 0 0 0
motion 4 418 125 101 25 399 0 0 0    419 125 101 25 399 255 0 0
motion 4 419 125 101 25 399 255 0 0    420 125 101 25 399 0 0 0
motion 6 420 150 156 25 344 0 0 0    421 150 156 25 344 255 0 0
motion 6 421 150 156 25 344 255 0 0    422 150 156 25 344 0 0 0
motion 13 422 175 157 25 343 0 0 0    423 175 157 25 343 255 0 0
motion 13 423 175 157 25 343 255 0 0    424 175 157 25 343 0 0 0
motion 10 424 200 195 25 305 0 0 0    425 200 195 25 305 255 0 0
motion 10 425 200 195 25 305 255 0 0    426 200 195 25 305 0 0 0
motion 10 426 200 195 25 305 0 0 0    427 225 195 25 305 0 0 0
motion 16 426 225 172 25 328 0 0 0    427 200 172 25 328 0 0 0
motion 10 428 225 195 25 305 0 0 0    429 225 195 25 305 255 0 0
motion 10 429 225 195 25 305 255 0 0    430 225 195 25 305 0 0 0
motion 12 430 250 201 25 299 0 0 0    431 250 201 25 299 255 0 0
motion 12 431 250 201 25 299 255 0 0    432 250 201 25 299 0 0 0
motion 7 432 275 224 25 276 0 0 0    433 275 224 25 276 255 0 0
motion 7 433 275 224 25 276 255 0 0    434 275 224 25 276 0 0 0
motion 19 434 300 268 25 232 0 0 0    435 300 268 25 232 255 0 0
motion 19 435 300 268 25 232 255 0 0    436 300 268 25 232 0 0 0
motion 0 436 325 283 25 217 0 0 0    437 325 283 25 217 255 0 0
motion 0 437 325 283 25 217 255 0 0    438 325 283 25 217 0 0 0
motion 14 438 350 288 25 212 0 0 0    439 350 288 25 212 255 0 0
motion 14 439 350 288 25 212 255 0 0    440 350 288 25 212 0 0 0
motion 18 440 375 347 25 153 0 0 0    441 375 347 25 153 255 0 0
motion 18 441 375 347 25 153 255 0 0    442 375 347 25 153 0 0 0
motion 15 442 400 367 25 133 0 0 0    443 400 367 25 133 255 0 0
motion 15 443 400 367 25 133 255 0 0    444 400 367 25 133 0 0 0
motion 8 444 425 390 25 110 0 0 0    445 425 390 25 110 255 0 0
motion 8 445 425 390 25 110 255 0 0    446 425 390 25 110 0 0 0
motion 3 446 450 492 25 8 0 0 0    447 450 492 25 8 255 0 0
motion 3 447 450 492 25 8 255 0 0    448 450 492 25 8 0 0 0
motion 17 448 475 496 25 4 0 0 0    449 475 496 25 4 255 0 0
motion 17 449 475 496 25 4 255 0 0    450 475 496 25 4 0 0 0
motion 5 450 0 19 25 481 0 0 0    451 0 19 25 481 255 0 0
motion 5 451 0 19 25 481 255 0 0    452 0 19 25 481 0 0 0
motion 1 452 25 30 25 470 0 0 0    453 25 30 25 470 255 0 0
motion 1 453 25 30 25 470 255 0 0    454 25 30 25 470 0 0 0
motion 2 454 50 79 25 421 0 0 0    455 50 79 25 421 255 0 0
motion 2 455 50 79 25 421 255 0 0    456 50 79 25 421 0 0 0
motion 2 456 50 79 25 421 0 0 0    457 75 79 25 421 0 0 0
motion 11 456 75 23 25 477 0 0 0    457 50 23 25 477 0 0 0
motion 2 458 75 79 25 421 0 0 0    459 75 79 25 421 255 0 0
motion 2 459 75 79 25 421 255 0 0    460 75 79 25 421 0 0 0
motion 9 460 100 93 25 407 0 0 0    461 100 93 25 407 255 0 0
motion 9 461 100 93 25 407 255 0 0    462 100 93 25 407 0 0 0
motion 4 462 125 101 25 399 0 0 0    463 125 101 25 399 255 0 0
motion 4 463 125 101 25 399 255 0 0    464 125 101 25 399 0 0 0
motion 6 464 150 156 25 344 0 0 0    465 150 156 25 344 255 0 0
motion 6 465 150 156 25 344 255 0 0    466 150 156 25 344 0 0 0
motion 13 466 175 157 25 343 0 0 0    467 175 157 25 343 255 0 0
motion 13 467 175 157 25 343 255 0 0    468 175 157 25 343 0 0 0
motion 16 468 200 172 25 328 0 0 0    469 200 172 25 328 255 0 0
motion 16 469 200 172 25 328 255 0 0    470 200 172 25 328 0 0 0
motion 10 470 225 195 25 305 0 0 0    471 225 195 25 305 255 0 0
motion 10 471 225 195 25 305 255 0 0    472 225 195 25 305 0 0 0
motion 12 472 250 201 25 299 0 0 0    473 250 201 25 299 255 0 0
motion 12 473 250 201 25 299 255 0 0    474 250 201 25 299 0 0 0
motion 7 474 275 224 25 276 0 0 0    475 275 224 25 276 255 0 0
motion 7 475 275 224 25 276 255 0 0    476 275 224 25 276 0 0 0
motion 19 476 300 268 25 232 0 0 0    477 300 268 25 232 255 0 0
motion 19 477 300 268 25 232 255 0 0    478 300 268 25 232 0 0 0
motion 0 478 325 283 25 217 0 0 0    479 325 283 25 217 255 0 0
motion 0 479 325 283 25 217 255 0 0    480 325 283 25 217 0 0 0
motion 14 480 350 288 25 212 0 0 0    481 350 288 25 212 255 0 0
motion 14 481 350 288 25 212 255 0 0    482 350 288 25 212 0 0 0
motion 18 482 375 347 25 153 0 0 0    483 375 347 25 153 255 0 0
motion 18 483 375 347 25 153 255 0 0    484 375 347 25 153 0 0 0
motion 15 484 400 367 25 133 0 0 0    485 400 367 25 133 255 0 0
motion 15 485 400 367 25 133 255 0 0    486 400 367 25 133 0 0 0
motion 8 486 425 390 25 110 0 0 0    487 425 390 25 110 255 0 0
motion 8 487 425 390 25 110 255 0 0    488 425 390 25 110 0 0 0
motion 3 488 450 492 25 8 0 0 0    489 450 492 25 8 255 0 0
motion 3 489 450 492 25 8 255 0 0    490 450 492 25 8 0 0 0
motion 17 490 475 496 25 4 0 0 0    491 475 496 25 4 255 0 0
motion 17 491 475 496 25 4 255 0 0    492 475 496 25 4 0 0 0
motion 5 492 0 19 25 481 0 0 0    493 0 19 25 481 255 0 0
motion 5 493 0 19 25 481 255 0 0    494 0 19 25 481 0 0 0
motion 1 494 25 30 25 470 0 0 0    495 25 30 25 470 255 0 0
motion 1 495 25 30 25 470 255 0 0    496 25 30 25 470 0 0 0
motion 1 496 25 30 25 470 0 0 0    497 50 30 25 470 0 0 0
motion 11 496 50 23 25 477 0 0 0    497 25 23 25 477 0 0 0
motion 1 498 50 30 25 470 0 0 0    499 50 30 25 470 255 0 0
motion 1 499 50 30 25 470 255 0 0    500 50 30 25 470 0 0 0
motion 2 500 75 79 25 421 0 0 0    501 75 79 25 421 255 0 0
motion 2 501 75 79 25 421 255 0 0    502 75 79 25 421 0 0 0
motion 9 502 100 93 25 407 0 0 0    503 100 93 25 407 255 0 0
motion 9 503 100 93 25 407 255 0 0    504 100 93 25 407 0 0 0
motion 4 504 125 101 25 399 0 0 0    505 125 101 25 399 255 0 0
motion 4 505 125 101 25 399 255 0 0    506 125 101 25 399 0 0 0
motion 6 506 150 156 25 344 0 0 0    507 150 156 25 344 255 0 0
motion 6 507 150 156 25 344 255 0 0    508 150 156 25 344 0 0 0
motion 13 508 175 157 25 343 0 0 0    509 175 157 25 343 255 0 0
motion 13 509 175 157 25 343 255 0 0    510 175 157 25 343 0 0 0
motion 16 510 200 172 25 328 0 0 0    511 200 172 25 328 255 0 0
motion 16 511 200 172 25 328 255 0 0    512 200 172 25 328 0 0 0
motion 10 512 225 195 25 305 0 0 0    513 225 195 25 305 255 0 0
motion 10 513 225 195 25 305 255 0 0    514 225 195 25 305 0 0 0
motion 12 514 250 201 25 299 0 0 0    515 250 201 25 299 255 0 0
motion 12 515 250 201 25 299 255 0 0    516 250 201 25 299 0 0 0
motion 7 516 275 224 25 276 0 0 0    517 275 224 25 276 255 0 0
motion 7 517 275 224 25 276 255 0 0    518 275 224 25 276 0 0 0
motion 19 518 300 268 25 232 0 0 0    519 300 268 25 232 255 0 0
motion 19 519 300 268 25 232 255 0 0    520 300 268 25 232 0 0 0
motion 0 520 325 283 25 217 0 0 0    521 325 283 25 217 255 0 0
motion 0 521 325 283 25 217 255 0 0    522 325 283 25 217 0 0 0
motion 14 522 350 288 25 212 0 0 0    523 350 288 25 212 255 0 0
motion 14 523 350 288 25 212 255 0 0    524 350 288 25 212 0 0 0
motion 18 524 375 347 25 153 0 0 0    525 375 347 25 153 255 0 0
motion 18 525 375 347 25 153 255 0 0    526 375 347 25 153 0 0 0
motion 15 526 400 367 25 133 0 0 0    527 400 367 25 133 255 0 0
motion 15 527 400 367 25 133 255 0 0    528 400 367 25 133 0 0 0
motion 8 528 425 390 25 110 0 0 0    529 425 390 25 110 255 0 0
motion 8 529 425 390 25 110 255 0 0    530 425 390 25 110 0 0 0
motion 3 530 450 492 25 8 0 0 0    531 450 492 25 8 255 0 0
motion 3 531 450 492 25 8 255 0 0    532 450 492 25 8 0 0 0
motion 17 532 475 496 25 4 0 0 0    533 475 496 25 4 255 0 0
motion 17 533 475 496 25 4 255 0 0    534 475 496 25 4 0 0 0
motion 5 534 0 19 25 481 0 0 0    554 0 19 25 481 0 255 0
motion 5 554 0 19 25 481 0 255 0    574 0 19 25 481 0 0 0
motion 11 536 25 23 25 477 0 0 0    555 25 23 25 477 0 255 0
motion 11 555 25 23 25 477 0 255 0    574 25 23 25 477 0 0 0
motion 1 538 50 30 25 470 0 0 0    556 50 30 25 470 0 255 0
motion 1 556 50 30 25 470 0 255 0    574 50 30 25 470 0 0 0
motion 2 540 75 79 25 421 0 0 0    557 75 79 25 421 0 255 0
motion 2 557 75 79 25 421 0 255 0    574 75 79 25 421 0 0 0
motion 9 542 100 93 25 407 0 0 0    558 100 93 25 407 0 255 0
motion 9 558 100 93 25 407 0 255 0    574 100 93 25 407 0 0 0
motion 4 544 125 101 25 399 0 0 0    559 125 101 25 399 0 255 0
motion 4 559 125 101 25 399 0 255 0    574 125 101 25 399 0 0 0
motion 6 546 150 156 25 344 0 0 0    560 150 156 25 344 0 255 0
motion 6 560 150 156 25 344 0 255 0    574 150 156 25 344 0 0 0
motion 13 548 175 157 25 343 0 0 0    561 175 157 25 343 0 255 0
motion 13 561 175 157 25 343 0 255 0    574 175 157 25 343 0 0 0
motion 16 550 200 172 25 328 0 0 0    562 200 172 25 328 0 255 0
motion 16 562 200 172 25 328 0 255 0    574 200 172 25 328 0 0 0
motion 10 552 225 195 25 305 0 0 0    563 225 195 25 305 0 255 0
motion 10 563 225 195 25 305 0 255 0    574 225 195 25 305 0 0 0
motion 12 554 250 201 25 299 0 0 0    564 250 201 25 299 0 255 0
motion 12 564 250 201 25 299 0 255 0    574 250 201 25 299 0 0 0
motion 7 556 275 224 25 276 0 0 0    565 275 224 25 276 0 255 0
motion 7 565 275 224 25 276 0 255 0    574 275 224 25 276 0 0 0
motion 19 558 300 268 25 232 0 0 0    566 300 268 25 232 0 255 0
motion 19 566 300 268 25 232 0 255 0    574 300 268 25 232 0 0 0
motion 0 560 325 283 25 217 0 0 0    567 325 283 25 217 0 255 0
motion 0 567 325 283 25 217 0 255 0    574 325 283 25 217 0 0 0
motion 14 562 350 288 25 212 0 0 0    568 350 288 25 212 0 255 0
motion 14 568 350 288 25 212 0 255 0    574 350 288 25 212 0 0 0
motion 18 564 375 347 25 153 0 0 0    569 375 347 25 153 0 255 0
motion 18 569 375 347 25 153 0 255 0    574 375 347 25 153 0 0 0
motion 15 566 400 367 25 133 0 0 0    570 400 367 25 133 0 255 0
motion 15 570 400 367 25 133 0 255 0    574 400 367 25 133 0 0 0
motion 8 568 425 390 25 110 0 0 0    571 425 390 25 110 0 255 0
motion 8 571 425 390 25 110 0 255 0    574 425 390 25 110 0 0 0
motion 3 570 450 492 25 8 0 0 0    572 450 492 25 8 0 255 0
motion 3 572 450 492 25 8 0 255 0    574 450 492 25 8 0 0 0
motion 17 572 475 496 25 4 0 0 0    573 475 496 25 4 0 255 0
motion 17 573 475 496 25 4 0 255 0    574 475 496 25 4 0 0 0
